19

1	9	4.8
1	14	17.2
2	11	7.3
2	12	5
2	18	15.8
3	18	3.4
3	19	4.7
4	14	5.1
4	15	4.2
4	17	3.7
5	6	5.4
5	8	4.2
6	5	5.4
6	9	4.1
7	8	3
7	11	6.5
8	5	4.2
8	7	3
8	9	2.2
8	10	2.7
9	1	4.8
9	6	4.1
9	8	2.2
9	10	3.1
10	8	2.7
10	9	3.1
10	12	6.7
10	13	10.6
11	2	7.3
11	7	6.5
11	12	4.8
12	2	5
12	10	6.7
12	11	4.8
12	13	7.3
13	10	10.6
13	12	7.3
13	14	6.8
13	16	11.5
14	1	17.2
14	4	5.1
14	13	6.8
14	15	5.3
15	4	4.2
15	14	5.3
15	16	3.6
16	13	11.5
16	15	3.6
16	18	5.4
16	19	3.6
17	4	3.7
17	19	10.2
18	2	15.8
18	3	3.4
18	16	5.4
19	3	4.7
19	16	3.6
19	17	10.2
